    0000000000111111111122222
    0123456789012345678901234
   +-------------------------+--> x
  0|                         |
  1|                         |
  2|                         |
  3|                         |
  4|                         |
  5|                         |
  6|                         |
  7|                         |
  8|                         |
  9|                         |
 10|                         |
 11|                         |
 12|                         |
 13|                         |
 14|                         |
 15|                         |
 16|                         |
 17|                         |
 18|                         |
 19|                         |
 20|                         |
 21|                         |
 22|                       * |
 23|                        *|
 24|                      ***|
   +-------------------------+
   |
   V  y
